1a69-A -4.2056E-04  5.5064E+02 -9.1206E+04  8.5958E+00  6.0456E-04 2.5832E+01  1.6977E+02  1.4289E+04 1
1ade-A -4.2907E-04  5.7005E+02 -3.4067E+05  5.4146E+01  2.3248E-03 4.6355E+01  3.0497E+02  2.3317E+04 1
1ah9-A  3.2311E-04  6.4058E+02  5.5046E+04  4.9054E+00  8.2109E-04 1.1969E+01  6.2383E+01  6.2329E+03 1
1ai2-A -4.5178E-04  9.9569E+02 -4.2642E+05  3.9544E+01  1.6258E-03 5.4714E+01  3.0071E+02  2.4365E+04 1
1anf-A -3.7786E-04  8.2333E+02 -2.4454E+05  2.5476E+01  1.2046E-03 4.6719E+01  2.7506E+02  2.1186E+04 0
1aon-A -5.9733E-04  9.3105E+02 -9.2511E+05  6.0807E+01  2.0173E-03 7.7459E+01  4.0406E+02  3.0164E+04 1
1aon-O -4.1094E-04  1.7114E+02 -6.0341E+04  7.7501E+00  1.0630E-03 2.2594E+01  8.4857E+01  7.3055E+03 1
1b57-A -5.1341E-04  9.7944E+02 -3.6680E+05  4.0350E+01  2.3056E-03 3.8127E+01  2.4249E+02  1.7558E+04 1
1b75-A  5.8035E-04  5.0090E+02  5.0672E+04  1.4337E+01  1.7194E-03 1.3111E+01  8.1773E+01  8.7578E+03 3
1bjn-A -3.7684E-04  6.7668E+02 -2.2427E+05  2.3352E+01  1.1071E-03 4.5039E+01  2.6886E+02  2.1271E+04 1
1c14-A -3.0097E-04  3.0263E+02 -8.1452E+04 -1.5418E+01 -1.1609E-03 4.2176E+01  1.8285E+02  1.3296E+04 1
1d09-A -2.9884E-04  8.0546E+02 -1.4697E+05  3.7034E+01  2.2192E-03 3.0763E+01  2.1500E+02  1.6757E+04 0
1d5n-A -1.5355E-04  4.0397E+02 -3.4444E+04  2.8783E+00  2.2091E-04 2.6438E+01  1.5850E+02  1.3049E+04 1
1dbp-A -2.0289E-04  6.8204E+02 -1.2785E+05  3.3245E+01  2.2592E-03 3.9882E+01  1.9187E+02  1.4825E+04 1
1dc3-A -5.4701E-05  5.4317E+02 -3.6684E+04  3.8957E+01  2.1314E-03 3.8410E+01  2.4859E+02  1.8286E+04 1
1dfo-A -3.0080E-04  1.2230E+03 -9.5797E+04  5.4843E+01  2.3610E-03 4.1694E+01  2.9168E+02  2.3327E+04 1
1dpe-A -3.3680E-04  1.5367E+03 -4.6642E+05  7.7070E+01  2.8838E-03 5.1397E+01  3.6889E+02  2.6755E+04 0
1dps-A -5.5993E-04  3.8422E+02 -1.5615E+05  1.3022E+01  1.2145E-03 2.2849E+01  1.2392E+02  1.0740E+04 1
1e58-A -3.1243E-04  8.1613E+02 -5.4591E+04  3.9523E+01  2.4692E-03 2.8365E+01  1.8576E+02  1.6021E+04 1
1ekx-A -3.0165E-04  9.2161E+02 -9.3420E+04  3.1439E+01  1.8992E-03 3.4485E+01  2.2000E+02  1.6595E+04 0
1f3g-A -1.0910E-03  4.1002E+02 -1.5207E+05  1.5798E+01  1.7314E-03 2.5285E+01  1.1263E+02  9.1886E+03 1
1faj-A -1.0372E-03  3.6686E+02 -1.5423E+05  1.7493E+01  1.6505E-03 2.0522E+01  1.3202E+02  1.0614E+04 1
1h16-A -3.3414E-04  2.2491E+03 -4.3523E+05  7.9774E+01  2.0572E-03 7.0831E+01  4.9619E+02  3.9019E+04 1
1hnr-A  1.9275E-04  4.5491E+02  3.2536E+04  1.2616E+01  2.4330E-03 5.3580E+00  4.5615E+01  5.2109E+03 1
1ihf-A  5.7701E-04  3.9862E+02  9.6930E+04  1.7507E+01  2.0305E-03 1.5709E+01  9.0882E+01  8.6845E+03 0
1ihf-B  3.3404E-04  4.6240E+02  4.3239E+04  1.3171E+01  1.4693E-03 1.3275E+01  9.0568E+01  8.9992E+03 1
1jkj-A -1.9948E-04  4.3258E+02 -6.2813E+04  2.6619E+01  1.7740E-03 3.4854E+01  2.0126E+02  1.5060E+04 1
1jkj-B -3.4780E-04  9.2222E+02 -3.2085E+05  3.1428E+01  1.3681E-03 6.0747E+01  3.0787E+02  2.3011E+04 0
1l0h-A -2.1844E-03  5.0910E+02 -1.5532E+05  1.2416E+01  1.8210E-03 1.2286E+01  6.6234E+01  6.9714E+03 1
1l5j-A -5.5410E-04  2.0109E+03 -1.0212E+06  8.5804E+01  1.9831E-03 9.9740E+01  5.9088E+02  4.3354E+04 0
1l8a-A -5.6926E-04  9.5670E+02 -1.4150E+06  9.9140E+01  2.4533E-03 7.9114E+01  5.3577E+02  4.0423E+04 1
1mul-A  1.6272E-04  2.5774E+02  2.0539E+04  5.6343E+00  9.2242E-04 1.4293E+01  7.0956E+01  6.1555E+03 1
1oa2-A -8.9645E-05  2.5662E+02 -2.5179E+04  2.5387E+01  2.2811E-03 1.2952E+01  1.5842E+02  1.1226E+04 1
1onr-A -4.4156E-04  6.9083E+02 -1.6424E+05  4.6793E+01  2.5889E-03 3.3876E+01  2.2351E+02  1.8162E+04 1
1p1x-A -4.3377E-04  5.5464E+02 -8.9199E+04  2.8890E+01  2.5056E-03 2.6572E+01  1.6739E+02  1.1531E+04 1
1p3w-A -2.9219E-04  1.2044E+03 -2.2014E+05  4.4349E+01  2.1593E-03 3.6422E+01  2.6677E+02  2.0550E+04 1
1pug-A -8.0059E-04  6.9481E+02 -1.9867E+05  1.3185E+01  1.7624E-03 1.3020E+01  8.6640E+01  7.5109E+03 1
1pv4-A -1.7095E-04  6.9202E+02 -2.0907E+05  5.0684E+01  2.1670E-03 5.6736E+01  3.0868E+02  2.3404E+04 1
1qor-A  1.3175E-04  7.3749E+02  4.9984E+04  4.8312E+00  3.1913E-04 5.3901E+01  2.2753E+02  1.5184E+04 0
1qwi-A -3.2732E-04  3.0586E+02 -8.1970E+04  1.4188E+01  1.5456E-03 2.0570E+01  1.2363E+02  9.1711E+03 0
1qyn-A -9.7404E-04  2.9552E+02 -2.5039E+05 -3.2981E+00 -4.0145E-04 1.9584E+01  1.0934E+02  8.2170E+03 1
1tre-A -4.6307E-04  2.1142E+02 -1.3978E+05  3.4758E+01  2.6855E-03 2.0123E+01  1.7824E+02  1.2967E+04 1
1w26-A -7.6573E-04  2.7710E+03 -1.8955E+06  7.3559E+01  2.4493E-03 7.0519E+01  3.7657E+02  3.0048E+04 1
1wdn-A -8.5649E-05  3.2299E+02 -4.5072E+04  3.5495E+01  3.0413E-03 2.5407E+01  1.6525E+02  1.1678E+04 0
1xey-A -5.8430E-04  8.7256E+02 -6.3739E+05 -2.0101E+01 -7.8197E-04 6.4162E+01  3.2404E+02  2.5698E+04 0
1y00-A  1.6489E-04  3.6125E+02  1.7745E+04 -2.7575E-01 -4.4103E-05 1.7013E+01  5.9515E+01  6.0843E+03 1
1z15-A -4.2113E-04  1.0828E+03 -3.3655E+05  6.6958E+01  4.0318E-03 2.8308E+01  2.3909E+02  1.6633E+04 0
1zmr-A -5.9739E-04  8.1866E+02 -4.6474E+05  5.1800E+01  2.8130E-03 4.4735E+01  2.6293E+02  1.8423E+04 1
2gh2-A -4.6277E-04  7.1577E+02 -1.5812E+05  2.5100E+01  2.3256E-03 1.6447E+01  1.3758E+02  1.0815E+04 0
2hur-A -4.6307E-04  3.9206E+02 -7.3904E+04  1.1200E+01  1.2997E-03 1.5364E+01  1.1329E+02  8.6873E+03 1
2o97-B  3.6539E-04  2.4252E+02  3.8113E+04  6.5122E+00  1.1941E-03 1.2782E+01  6.6106E+01  5.4890E+03 1
2ogw-A -2.3275E-04  2.1315E+02 -9.3464E+04  4.3667E+01  3.3889E-03 2.7298E+01  1.8269E+02  1.2892E+04 0
2oqx-A -2.2497E-04  4.8877E+02 -1.5850E+05  4.8899E+01  2.2009E-03 4.2758E+01  3.1386E+02  2.2231E+04 0
2zyd-A -4.6677E-04  6.9802E+02 -4.4543E+05  5.6157E+01  2.1863E-03 5.4514E+01  3.3379E+02  2.5732E+04 1
3cdi-A -6.1729E-04  1.2503E+03 -6.9129E+05  3.4769E+01  1.1331E-03 7.6061E+01  3.8311E+02  3.0813E+04 1
3hvs-A -4.5034E-04  5.5810E+02 -4.6050E+04  5.4318E+00  5.1332E-04 2.2327E+01  1.2925E+02  1.1192E+04 1
3o4f-A -7.3959E-04  9.8721E+02 -2.7311E+05 -9.5566E-01 -5.1767E-05 3.7217E+01  2.1587E+02  1.7604E+04 0
3qo3-A  4.1653E-04  1.3761E+02  1.6407E+04 -1.5759E+00 -3.2784E-04 1.3150E+01  5.3613E+01  4.8288E+03 1
3u0o-A -5.7006E-04  7.0887E+02 -1.9249E+05  2.2017E+01  1.2553E-03 3.9569E+01  2.2986E+02  1.7551E+04 0
3ulk-A -5.3267E-04  1.2753E+03 -4.3743E+05  5.5613E+01  2.1334E-03 5.6779E+01  3.4395E+02  2.6413E+04 0
4jdr-A -4.8051E-04  7.8131E+02 -4.5548E+05 -9.3739E+00 -3.7491E-04 8.2138E+01  3.4897E+02  2.4995E+04 1
4jk1-E -4.8449E-04  5.7619E+02 -1.1282E+05  1.3510E+01  1.6452E-03 1.9023E+01  8.1151E+01  8.2809E+03 1
4jn4-A -7.1588E-04  1.4444E+03 -1.4187E+06  1.1126E+02  3.4655E-03 6.6966E+01  4.5161E+02  3.2171E+04 1
4v89-BJ -1.1110E-03  1.1208E+02 -3.6749E+04 -6.5225E+00 -1.8116E-03 8.9988E+00  2.9935E+01  3.6179E+03 3
4v8i-AY  4.8012E-04  3.9487E+02  3.7452E+04  2.9808E-01  4.7107E-05 1.7989E+01  7.6427E+01  6.2519E+03 1
4xwj-B -1.5460E-04  5.5629E+02 -1.4392E+04  1.2556E+01  1.9672E-03 1.0404E+01  7.0138E+01  6.5912E+03 1
4yah-X -5.4230E-04  5.1846E+02 -1.7747E+05  2.9494E+01  2.0179E-03 4.4546E+01  1.8290E+02  1.4838E+04 0
4ybb-AB  3.0170E-04  2.4163E+02  1.4379E+05  2.3157E+01  1.7469E-03 2.8616E+01  1.7383E+02  1.3260E+04 3
4ybb-AD  1.3208E-03  8.3584E+02  4.2006E+05  4.4283E+01  3.4408E-03 2.4929E+01  1.6380E+02  1.2875E+04 3
4ybb-AE  8.5243E-04  9.3302E+02  2.6408E+05  1.1226E+01  1.1962E-03 2.2093E+01  1.2150E+02  9.3873E+03 3
4ybb-AF  0.0000E+00  4.8782E+02  2.0611E+04  8.9913E+00  1.2438E-03 1.2907E+01  8.7635E+01  7.2646E+03 3
4ybb-AG  1.0201E-03  5.4815E+02  3.0857E+05  2.7526E+01  2.5538E-03 2.1741E+01  1.2352E+02  1.0797E+04 3
4ybb-AH  6.2512E-04  3.5059E+02  6.9239E+04  2.1927E+01  2.7460E-03 1.5096E+01  1.0350E+02  8.0026E+03 3
4ybb-AI  1.8087E-03  1.6638E+03  5.3006E+05  2.5510E+01  2.7144E-03 1.4400E+01  1.0372E+02  9.4020E+03 3
4ybb-AJ  4.1197E-04  2.5205E+02  1.1596E+05  8.6314E+00  1.1861E-03 1.9754E+01  8.4403E+01  7.2868E+03 3
4ybb-AM  1.2662E-03  1.3886E+03  3.5811E+05  1.3412E+01  1.4160E-03 2.0933E+01  1.0463E+02  9.4831E+03 3
4ybb-AN  1.7322E-03  4.5057E+02  5.8144E+05  1.6883E+01  1.9506E-03 1.5640E+01  9.2736E+01  8.6667E+03 3
4ybb-AO  9.4921E-04  5.3253E+02  7.7048E+04  8.8376E+00  1.2140E-03 1.5651E+01  8.1728E+01  7.4172E+03 3
4ybb-AP  9.3628E-04  4.0443E+02  8.7764E+04  7.6638E+00  1.1962E-03 1.0803E+01  7.1916E+01  6.4198E+03 3
4ybb-AR  1.2224E-03  4.5338E+02  1.5148E+05  7.8599E+00  1.4076E-03 1.0345E+01  5.2373E+01  5.8572E+03 3
4ybb-AS  1.2845E-03  3.2258E+02  1.3541E+05  8.7845E+00  1.4138E-03 9.5004E+00  6.5517E+01  6.2348E+03 3
4ybb-AT  2.3462E-03  5.8065E+02  3.6730E+05  2.0020E+01  2.9365E-03 8.6112E+00  7.8232E+01  6.8218E+03 3
4ybb-AU  1.3617E-03  4.6256E+02  3.1077E+05  1.0273E+01  1.5543E-03 8.9997E+00  5.5134E+01  6.6324E+03 3
4ybb-C0  1.4329E-03  3.0374E+02  8.1970E+04  7.4327E+00  1.7756E-03 8.8330E+00  5.0331E+01  4.1950E+03 3
4ybb-C1  1.4546E-03  3.1063E+02  2.6947E+05  9.6124E+00  1.5540E-03 9.0000E+00  5.4899E+01  6.2001E+03 3
4ybb-C2  1.7640E-03  2.0849E+02  1.2041E+05  9.3193E+00  2.0558E-03 8.1869E+00  4.5800E+01  4.5512E+03 3
4ybb-CC  1.6581E-03  1.6592E+03  1.0852E+06  4.9882E+01  2.5841E-03 3.3354E+01  2.2664E+02  1.9318E+04 3
4ybb-CE  5.9259E-04  2.4228E+03  2.5348E+05  2.9689E+01  2.1997E-03 2.6562E+01  1.6619E+02  1.3503E+04 3
4ybb-CF  5.3358E-04  7.0812E+02  1.9188E+05  2.7417E+01  2.4394E-03 2.0800E+01  1.4084E+02  1.1253E+04 3
4ybb-CG  7.9238E-04  1.0392E+03  4.3933E+05  3.0990E+01  2.7284E-03 2.2561E+01  1.4517E+02  1.1361E+04 3
4ybb-CH -8.7706E-05  6.8074E+02 -7.5681E+04  9.3213E+00  8.3320E-04 2.7894E+01  1.3258E+02  1.1452E+04 3
4ybb-CJ  6.8073E-04  4.8878E+02  1.4799E+05  2.0295E+01  2.3037E-03 1.7001E+01  1.1407E+02  8.8270E+03 3
4ybb-CK  1.0634E-03  4.3943E+02  2.6579E+05  1.8866E+01  2.0055E-03 1.6695E+01  1.1745E+02  9.4097E+03 3
4ybb-CL  1.5168E-03  2.2957E+02  2.2040E+05  1.8643E+01  2.3581E-03 1.5864E+01  9.4512E+01  7.9319E+03 3
4ybb-CM  1.2079E-03  1.6058E+03  4.7305E+05  2.0887E+01  1.5769E-03 2.3117E+01  1.3361E+02  1.3270E+04 3
4ybb-CN  1.8718E-03  6.6342E+02  4.1597E+05  1.5989E+01  1.5757E-03 1.8613E+01  1.1209E+02  1.0174E+04 3
4ybb-CO  1.4619E-03  7.3474E+02  1.8096E+05  1.7018E+01  1.7992E-03 1.2823E+01  1.0074E+02  9.6604E+03 3
4ybb-CP  1.0175E-03  6.5791E+02  1.2841E+05  1.9539E+01  2.0177E-03 1.4604E+01  9.7368E+01  9.9974E+03 3
4ybb-CQ  1.1340E-03  7.6964E+02  2.4735E+05  1.6370E+01  1.5539E-03 2.1093E+01  1.0220E+02  1.0662E+04 3
4ybb-CR  2.2974E-03  8.9148E+02  9.8461E+05  1.2863E+01  1.2314E-03 2.0957E+01  1.0387E+02  1.0461E+04 3
4ybb-CU  1.2360E-03  6.5290E+02  2.2119E+05  1.5692E+01  1.9468E-03 1.5878E+01  8.0958E+01  8.1441E+03 3
4ybb-CV  1.2653E-03  3.0145E+02  2.0822E+05  1.6391E+01  2.0757E-03 1.8132E+01  9.2458E+01  7.9215E+03 3
4ybb-CY  1.7407E-03  5.0957E+02  2.5378E+05  1.0964E+01  1.6188E-03 1.0480E+01  7.0335E+01  6.9911E+03 3
4ybb-CZ  6.3785E-04  3.3498E+02  6.7307E+04  4.2189E+00  6.7140E-04 1.5673E+01  5.9680E+01  6.3204E+03 3
4ybb-DI  0.0000E+00  4.2381E+02  3.3309E+04  1.4273E+01  1.5945E-03 1.9433E+01  1.0667E+02  8.9904E+03 3
4ylo-D  8.2061E-05  3.5696E+03  7.7503E+05  7.2032E+01  1.1826E-03 1.6050E+02  8.0829E+02  6.0953E+04 1
5e3l-A  3.7936E-04  4.2559E+02  5.9489E+04  6.9198E+00  8.7800E-04 1.7654E+01  8.4540E+01  7.9362E+03 1
5j43-A -1.7096E-04  6.1668E+02 -4.4769E+04  3.2258E+01  1.8436E-03 4.0714E+01  2.2259E+02  1.7623E+04 0
